[gd_scene load_steps=11 format=3 uid="uid://c440tvi2kqq2t"]

[ext_resource type="Texture2D" uid="uid://22q7bmh41lir" path="res://MeterGrid.png" id="1_ig7tw"]
[ext_resource type="Script" uid="uid://dltv1vpsweu4d" path="res://camera_rig.gd" id="2_0xm2m"]
[ext_resource type="Script" uid="uid://t8n6fy575p8e" path="res://character_body_3d.gd" id="2_h2yge"]
[ext_resource type="PackedScene" uid="uid://bxpi4dbn3mgt5" path="res://bank1.glb" id="4_1bvp3"]
[ext_resource type="PackedScene" uid="uid://d1baw4kv0lnxj" path="res://haus.glb" id="5_7mycd"]
[ext_resource type="PackedScene" uid="uid://cne2o51jtgjxw" path="res://polybaum.glb" id="5_lquwl"]

[sub_resource type="BoxMesh" id="BoxMesh_0xm2m"]
size = Vector3(10, 0.05, 10)

[sub_resource type="StandardMaterial3D" id="StandardMaterial3D_h2yge"]
albedo_color = Color(0.621524, 0.621524, 0.621524, 1)
albedo_texture = ExtResource("1_ig7tw")

[sub_resource type="CapsuleMesh" id="CapsuleMesh_1bvp3"]
radius = 0.01
height = 0.05

[sub_resource type="Environment" id="Environment_7mycd"]

[node name="main" type="Node3D"]

[node name="MeshInstance3D" type="MeshInstance3D" parent="."]
mesh = SubResource("BoxMesh_0xm2m")
surface_material_override/0 = SubResource("StandardMaterial3D_h2yge")

[node name="polybaum" parent="MeshInstance3D" instance=ExtResource("5_lquwl")]
transform = Transform3D(0.7, 0, 0, 0, 0.7, 0, 0, 0, 0.7, -2.63705, -0.0319263, -2.24491)

[node name="bank1" parent="MeshInstance3D" instance=ExtResource("4_1bvp3")]
transform = Transform3D(-0.0025656, 0, -0.499993, 0, 0.5, 2.32831e-10, 0.499993, 0, -0.00256559, 2.58956, 0.465339, 3.52582)

[node name="haus" parent="MeshInstance3D" instance=ExtResource("5_7mycd")]
transform = Transform3D(-0.8, 0, -6.99382e-08, 0, 0.8, 0, 6.99382e-08, 0, -0.8, 8.533, 0, -0.135217)

[node name="DirectionalLight3D" type="DirectionalLight3D" parent="."]
transform = Transform3D(0.847923, 0.157601, -0.506151, 0.140642, 0.853693, 0.501425, 0.511123, -0.496356, 0.701701, 1.69551, 5.53015, 10.6472)
light_color = Color(0.967825, 0.866218, 0.397061, 1)
light_energy = 0.455

[node name="Player" type="CharacterBody3D" parent="."]
transform = Transform3D(0.599582, -0.800311, 0.00192759, 0, -0.00240855, -0.999997, 0.800313, 0.599581, -0.00144412, -3.72196, 0.309579, 4.44658)
script = ExtResource("2_h2yge")

[node name="Kapsel" type="MeshInstance3D" parent="Player"]
transform = Transform3D(1, -3.27826e-07, -1.30385e-08, 2.98023e-08, 0.999211, 0.0396958, -1.16415e-10, -0.0396958, 0.999212, 0, -0.00273991, -0.855413)
mesh = SubResource("CapsuleMesh_1bvp3")
skeleton = NodePath("../..")

[node name="CameraRig" type="Node3D" parent="Player"]
transform = Transform3D(1, 0, -1.16415e-10, 2.98023e-08, 1, -5.82077e-11, -1.16415e-10, -2.32831e-10, 1, -2.38419e-07, 0.0608778, -0.00484014)
script = ExtResource("2_0xm2m")

[node name="Camera3D" type="Camera3D" parent="Player/CameraRig"]
transform = Transform3D(1, 0, 0, 0, -0.0799899, 0.996795, 0, -0.996795, -0.0799899, 0.00594214, 0.119571, -0.900664)

[node name="WorldEnvironment" type="WorldEnvironment" parent="."]
environment = SubResource("Environment_7mycd")
